add
0 0 0 0 0 0 0 0 0 0 
0 0 0 0 0 0 0 0 0 0 
0 0 0 0 0 0 0 0 0 0 
0 0 0 0 0 0 0 0 0 0 
1 0 0 0 0 0 0 0 0 0 
1 0 0 0 0 0 0 0 0 0 
1 0 0 0 0 0 0 0 0 0 
0 0 0 0 0 0 0 0 0 0 
0 0 0 0 0 0 0 0 0 0 
0 0 0 0 0 0 0 0 0 0 



add
0 0 0 0 0 0 0 0 0 0 
0 0 0 0 0 0 0 0 0 0 
0 0 0 0 0 0 0 0 0 0 
0 0 0 0 0 0 0 0 0 0 
1 0 0 0 0 0 0 0 0 0 
1 0 0 0 0 0 0 0 0 0 
1 2 0 0 0 0 0 0 0 0 
2 0 0 0 0 0 0 0 0 0 
2 0 0 0 0 0 0 0 0 0 
0 0 0 0 0 0 0 0 0 0 



add
0 0 0 0 0 0 0 0 0 0 
0 0 0 0 0 0 0 0 0 0 
0 0 0 0 0 0 0 0 0 0 
0 0 0 0 0 0 0 0 0 0 
0 0 0 0 0 0 0 0 0 0 
0 0 0 0 0 0 0 0 0 0 
2 0 0 0 0 0 0 0 0 0 
2 0 0 0 0 0 0 0 0 0 
2 0 0 0 0 0 0 0 0 0 
0 0 0 0 0 0 0 0 0 0 



p1 : 6 p2 : 0
b1 : 0 b2 : 3
add
0 0 0 0 0 0 0 0 0 0 
0 0 0 0 0 0 0 0 0 0 
0 0 0 0 0 0 0 0 0 0 
0 0 0 0 0 0 0 0 0 0 
0 0 0 0 0 0 0 0 0 0 
0 0 0 0 0 0 0 0 0 0 
2 0 0 0 0 0 0 0 0 0 
0 0 0 0 0 0 0 0 0 0 
0 0 0 0 0 0 0 0 0 0 
0 0 0 0 0 0 0 0 0 0 



add
0 0 0 0 0 0 0 0 0 0 
0 0 0 0 0 0 0 0 0 0 
0 0 0 0 0 0 0 0 0 0 
0 0 0 0 0 0 0 0 0 0 
0 0 0 0 0 0 0 0 0 0 
0 0 0 0 0 0 0 0 0 0 
2 1 0 0 0 0 0 0 0 0 
1 0 0 0 0 0 0 0 0 0 
1 0 0 0 0 0 0 0 0 0 
0 0 0 0 0 0 0 0 0 0 



add
0 0 0 0 0 0 0 0 0 0 
0 0 0 0 0 0 0 0 0 0 
0 0 0 0 0 0 0 0 0 0 
0 0 0 0 0 0 0 0 0 0 
2 0 0 0 0 0 0 0 0 0 
2 0 0 0 0 0 0 0 0 0 
2 1 2 0 0 0 0 0 0 0 
1 0 0 0 0 0 0 0 0 0 
1 0 0 0 0 0 0 0 0 0 
0 0 0 0 0 0 0 0 0 0 



add
0 0 0 0 0 0 0 0 0 0 
0 0 0 0 0 0 0 0 0 0 
0 0 0 0 0 0 0 0 0 0 
0 0 0 0 0 0 0 0 0 0 
2 0 0 0 0 0 0 0 0 0 
2 0 0 0 0 0 0 0 0 0 
2 1 2 0 0 0 0 0 0 0 
1 1 0 0 0 0 0 0 0 0 
1 1 0 0 0 0 0 0 0 0 
1 0 0 0 0 0 0 0 0 0 



0 0 0 0 0 0 0 0 0 0 
0 0 0 0 0 0 0 0 0 0 
0 0 0 0 0 0 0 0 0 0 
0 0 0 0 0 0 0 0 0 0 
2 0 0 0 0 0 0 0 0 0 
2 0 0 0 0 0 0 0 0 0 
2 1 2 0 0 0 0 0 0 0 
1 1 0 0 0 0 0 0 0 0 
1 1 0 0 0 0 0 0 0 0 
1 0 0 0 0 0 0 0 0 0 



Change
0 0 0 0 0 0 0 0 0 0 
0 0 0 0 0 0 0 0 0 0 
0 0 0 0 0 0 0 0 0 0 
0 0 0 0 0 0 0 0 0 0 
2 0 0 0 0 0 0 0 0 0 
2 0 0 0 0 0 0 0 0 0 
2 1 2 0 0 0 0 0 0 0 
1 1 0 0 0 0 0 0 0 0 
1 1 0 0 0 0 0 0 0 0 
1 0 0 0 0 0 0 0 0 0 



add
0 0 0 0 0 0 0 0 0 0 
0 0 0 0 0 0 0 0 0 0 
0 0 0 0 0 0 0 0 0 0 
1 0 0 0 0 0 0 0 0 0 
2 0 0 0 0 0 0 0 0 0 
2 0 0 0 0 0 0 0 0 0 
2 2 0 0 0 0 0 0 0 0 
1 0 0 0 0 0 0 0 0 0 
1 0 0 0 0 0 0 0 0 0 
1 0 0 0 0 0 0 0 0 0 



add
0 0 0 0 0 0 0 0 0 0 
0 0 0 0 0 0 0 0 0 0 
0 0 0 0 0 0 0 0 0 0 
1 2 0 0 0 0 0 0 0 0 
2 2 0 0 0 0 0 0 0 0 
2 2 0 0 0 0 0 0 0 0 
2 2 0 0 0 0 0 0 0 0 
1 0 0 0 0 0 0 0 0 0 
1 0 0 0 0 0 0 0 0 0 
1 0 0 0 0 0 0 0 0 0 



add
0 0 0 0 0 0 0 0 0 0 
0 0 0 0 0 0 0 0 0 0 
0 0 0 0 0 0 0 0 0 0 
1 2 0 0 0 0 0 0 0 0 
2 2 0 0 0 0 0 0 0 0 
2 2 0 0 0 0 0 0 0 0 
2 2 0 0 0 0 0 0 0 0 
1 1 0 0 0 0 0 0 0 0 
1 1 0 0 0 0 0 0 0 0 
1 1 0 0 0 0 0 0 0 0 



add
0 0 0 0 0 0 0 0 0 0 
0 0 0 0 0 0 0 0 0 0 
0 0 0 0 0 0 0 0 0 0 
1 2 0 0 0 0 0 0 0 0 
2 2 0 0 0 0 0 0 0 0 
2 2 0 0 0 0 0 0 0 0 
2 2 0 0 0 0 0 0 0 0 
1 1 2 0 0 0 0 0 0 0 
1 1 2 0 0 0 0 0 0 0 
1 1 2 0 0 0 0 0 0 0 



add
1 0 0 0 0 0 0 0 0 0 
1 0 0 0 0 0 0 0 0 0 
1 0 0 0 0 0 0 0 0 0 
1 2 0 0 0 0 0 0 0 0 
2 2 0 0 0 0 0 0 0 0 
2 2 0 0 0 0 0 0 0 0 
2 2 0 0 0 0 0 0 0 0 
1 1 2 0 0 0 0 0 0 0 
1 1 2 0 0 0 0 0 0 0 
1 1 2 0 0 0 0 0 0 0 



add
1 0 0 0 0 0 0 0 0 0 
1 0 0 0 0 0 0 0 0 0 
1 0 0 0 0 0 0 0 0 0 
1 2 0 0 0 0 0 0 0 0 
2 2 0 0 0 0 0 0 0 0 
2 0 0 0 0 0 0 0 0 0 
2 0 0 0 0 0 0 0 0 0 
1 1 2 0 0 0 0 0 0 0 
1 1 2 0 0 0 0 0 0 0 
1 1 2 0 0 0 0 0 0 0 



add
1 0 0 0 0 0 0 0 0 0 
1 0 0 0 0 0 0 0 0 0 
1 0 0 0 0 0 0 0 0 0 
1 2 0 0 0 0 0 0 0 0 
2 2 1 0 0 0 0 0 0 0 
2 0 0 0 0 0 0 0 0 0 
2 0 0 0 0 0 0 0 0 0 
1 2 0 0 0 0 0 0 0 0 
1 2 0 0 0 0 0 0 0 0 
1 2 0 0 0 0 0 0 0 0 



add
1 0 0 0 0 0 0 0 0 0 
1 0 0 0 0 0 0 0 0 0 
1 0 0 0 0 0 0 0 0 0 
1 0 0 0 0 0 0 0 0 0 
2 1 2 0 0 0 0 0 0 0 
2 0 0 0 0 0 0 0 0 0 
2 0 0 0 0 0 0 0 0 0 
1 0 0 0 0 0 0 0 0 0 
1 0 0 0 0 0 0 0 0 0 
1 0 0 0 0 0 0 0 0 0 



add
1 0 0 0 0 0 0 0 0 0 
1 0 0 0 0 0 0 0 0 0 
1 0 0 0 0 0 0 0 0 0 
1 0 0 0 0 0 0 0 0 0 
2 1 2 0 0 0 0 0 0 0 
2 0 0 0 0 0 0 0 0 0 
2 0 0 0 0 0 0 0 0 0 
1 1 0 0 0 0 0 0 0 0 
1 1 0 0 0 0 0 0 0 0 
1 1 0 0 0 0 0 0 0 0 



add
1 0 0 0 0 0 0 0 0 0 
1 0 0 0 0 0 0 0 0 0 
1 0 0 0 0 0 0 0 0 0 
1 0 0 0 0 0 0 0 0 0 
2 1 2 0 0 0 0 0 0 0 
2 2 0 0 0 0 0 0 0 0 
2 2 0 0 0 0 0 0 0 0 
1 1 2 0 0 0 0 0 0 0 
1 1 0 0 0 0 0 0 0 0 
1 1 0 0 0 0 0 0 0 0 



add
1 0 0 0 0 0 0 0 0 0 
1 0 0 0 0 0 0 0 0 0 
1 0 0 0 0 0 0 0 0 0 
1 1 0 0 0 0 0 0 0 0 
2 1 2 1 0 0 0 0 0 0 
2 2 1 0 0 0 0 0 0 0 
2 2 0 0 0 0 0 0 0 0 
1 1 2 0 0 0 0 0 0 0 
1 1 0 0 0 0 0 0 0 0 
1 1 0 0 0 0 0 0 0 0 



1 0 0 0 0 0 0 0 0 0 
1 0 0 0 0 0 0 0 0 0 
1 0 0 0 0 0 0 0 0 0 
1 1 0 0 0 0 0 0 0 0 
2 1 2 1 0 0 0 0 0 0 
2 2 1 0 0 0 0 0 0 0 
2 2 0 0 0 0 0 0 0 0 
1 1 2 0 0 0 0 0 0 0 
1 1 0 0 0 0 0 0 0 0 
1 1 0 0 0 0 0 0 0 0 



Change
0 0 0 0 0 0 0 0 0 0 
0 0 0 0 0 0 0 0 0 0 
0 0 0 0 0 0 0 0 0 0 
1 0 0 0 0 0 0 0 0 0 
2 1 0 0 0 0 0 0 0 0 
0 0 0 0 0 0 0 0 0 0 
0 0 0 0 0 0 0 0 0 0 
2 0 0 0 0 0 0 0 0 0 
0 0 0 0 0 0 0 0 0 0 
0 0 0 0 0 0 0 0 0 0 



add
1 0 0 0 0 0 0 0 0 0 
1 0 0 0 0 0 0 0 0 0 
1 0 0 0 0 0 0 0 0 0 
1 0 0 0 0 0 0 0 0 0 
2 1 0 0 0 0 0 0 0 0 
0 0 0 0 0 0 0 0 0 0 
0 0 0 0 0 0 0 0 0 0 
2 0 0 0 0 0 0 0 0 0 
0 0 0 0 0 0 0 0 0 0 
0 0 0 0 0 0 0 0 0 0 



add
1 0 0 0 0 0 0 0 0 0 
1 0 0 0 0 0 0 0 0 0 
1 0 0 0 0 0 0 0 0 0 
1 2 0 0 0 0 0 0 0 0 
2 1 2 0 0 0 0 0 0 0 
2 0 0 0 0 0 0 0 0 0 
0 0 0 0 0 0 0 0 0 0 
2 0 0 0 0 0 0 0 0 0 
0 0 0 0 0 0 0 0 0 0 
0 0 0 0 0 0 0 0 0 0 



add
1 0 0 0 0 0 0 0 0 0 
1 0 0 0 0 0 0 0 0 0 
1 0 0 0 0 0 0 0 0 0 
1 2 0 0 0 0 0 0 0 0 
2 1 2 0 0 0 0 0 0 0 
2 0 0 0 0 0 0 0 0 0 
1 0 0 0 0 0 0 0 0 0 
2 1 0 0 0 0 0 0 0 0 
1 0 0 0 0 0 0 0 0 0 
0 0 0 0 0 0 0 0 0 0 



add
1 0 0 0 0 0 0 0 0 0 
1 0 0 0 0 0 0 0 0 0 
1 2 0 0 0 0 0 0 0 0 
1 2 2 0 0 0 0 0 0 0 
2 1 2 2 0 0 0 0 0 0 
2 0 0 0 0 0 0 0 0 0 
1 0 0 0 0 0 0 0 0 0 
2 1 0 0 0 0 0 0 0 0 
1 0 0 0 0 0 0 0 0 0 
0 0 0 0 0 0 0 0 0 0 



add
1 0 0 0 0 0 0 0 0 0 
1 0 0 0 0 0 0 0 0 0 
1 2 0 0 0 0 0 0 0 0 
1 2 2 0 0 0 0 0 0 0 
2 1 2 2 0 0 0 0 0 0 
2 0 0 0 0 0 0 0 0 0 
1 0 0 0 0 0 0 0 0 0 
2 1 1 0 0 0 0 0 0 0 
1 1 0 0 0 0 0 0 0 0 
1 0 0 0 0 0 0 0 0 0 



add
1 0 0 0 0 0 0 0 0 0 
1 0 0 0 0 0 0 0 0 0 
1 2 2 0 0 0 0 0 0 0 
1 2 2 2 0 0 0 0 0 0 
2 1 2 2 2 0 0 0 0 0 
2 0 0 0 0 0 0 0 0 0 
1 0 0 0 0 0 0 0 0 0 
2 1 1 0 0 0 0 0 0 0 
1 1 0 0 0 0 0 0 0 0 
1 0 0 0 0 0 0 0 0 0 



add
1 0 0 0 0 0 0 0 0 0 
1 0 0 0 0 0 0 0 0 0 
1 2 2 0 0 0 0 0 0 0 
1 2 2 2 0 0 0 0 0 0 
2 1 2 2 2 0 0 0 0 0 
2 0 0 0 0 0 0 0 0 0 
1 1 0 0 0 0 0 0 0 0 
2 1 1 1 0 0 0 0 0 0 
1 1 1 0 0 0 0 0 0 0 
1 0 0 0 0 0 0 0 0 0 



add
1 0 0 0 0 0 0 0 0 0 
1 0 0 0 0 0 0 0 0 0 
1 2 2 0 0 0 0 0 0 0 
1 2 2 2 0 0 0 0 0 0 
2 1 2 2 2 0 0 0 0 0 
2 0 0 0 0 0 0 0 0 0 
1 1 2 0 0 0 0 0 0 0 
2 1 1 1 2 0 0 0 0 0 
1 1 1 2 0 0 0 0 0 0 
1 0 0 0 0 0 0 0 0 0 



add
1 0 0 0 0 0 0 0 0 0 
1 0 0 0 0 0 0 0 0 0 
1 2 2 0 0 0 0 0 0 0 
1 2 2 2 0 0 0 0 0 0 
2 1 2 2 2 0 0 0 0 0 
2 0 0 0 0 0 0 0 0 0 
1 1 2 1 0 0 0 0 0 0 
2 1 1 1 2 1 0 0 0 0 
1 1 1 2 1 0 0 0 0 0 
1 0 0 0 0 0 0 0 0 0 



1 0 0 0 0 0 0 0 0 0 
1 0 0 0 0 0 0 0 0 0 
1 2 2 0 0 0 0 0 0 0 
1 2 2 2 0 0 0 0 0 0 
2 1 2 2 2 0 0 0 0 0 
2 0 0 0 0 0 0 0 0 0 
1 1 2 1 0 0 0 0 0 0 
2 1 1 1 2 1 0 0 0 0 
1 1 1 2 1 0 0 0 0 0 
1 0 0 0 0 0 0 0 0 0 



Change
0 0 0 0 0 0 0 0 0 0 
0 0 0 0 0 0 0 0 0 0 
2 2 0 0 0 0 0 0 0 0 
2 2 2 0 0 0 0 0 0 0 
2 2 2 0 0 0 0 0 0 0 
0 0 0 0 0 0 0 0 0 0 
2 2 2 0 0 0 0 0 0 0 
1 0 0 0 0 0 0 0 0 0 
2 2 2 1 0 0 0 0 0 0 
0 0 0 0 0 0 0 0 0 0 



p1 : 16 p2 : 38
b1 : 2 b2 : 14
add
0 0 0 0 0 0 0 0 0 0 
0 0 0 0 0 0 0 0 0 0 
2 2 0 0 0 0 0 0 0 0 
2 2 2 0 0 0 0 0 0 0 
2 2 2 1 0 0 0 0 0 0 
1 0 0 0 0 0 0 0 0 0 
2 2 2 1 0 0 0 0 0 0 
1 0 0 0 0 0 0 0 0 0 
2 2 2 1 0 0 0 0 0 0 
0 0 0 0 0 0 0 0 0 0 



add
0 0 0 0 0 0 0 0 0 0 
0 0 0 0 0 0 0 0 0 0 
2 0 0 0 0 0 0 0 0 0 
2 2 0 0 0 0 0 0 0 0 
2 2 1 0 0 0 0 0 0 0 
1 0 0 0 0 0 0 0 0 0 
2 2 1 2 0 0 0 0 0 0 
1 0 0 0 0 0 0 0 0 0 
2 2 1 0 0 0 0 0 0 0 
0 0 0 0 0 0 0 0 0 0 



add
0 0 0 0 0 0 0 0 0 0 
0 0 0 0 0 0 0 0 0 0 
2 0 0 0 0 0 0 0 0 0 
2 2 0 0 0 0 0 0 0 0 
2 2 1 1 0 0 0 0 0 0 
1 1 0 0 0 0 0 0 0 0 
2 2 1 2 1 0 0 0 0 0 
1 0 0 0 0 0 0 0 0 0 
2 2 1 0 0 0 0 0 0 0 
0 0 0 0 0 0 0 0 0 0 



p1 : 16 p2 : 45
b1 : 8 b2 : 10
#1 100
add
0 0 0 0 0 0 0 0 0 0 0 0 
0 0 0 0 0 0 0 0 0 0 0 0 
2 0 0 0 0 0 0 0 0 0 0 0 
2 2 0 0 0 0 0 0 0 0 0 0 
2 2 1 1 0 0 0 0 0 0 0 0 
1 1 0 0 0 0 0 0 0 0 0 0 
2 2 1 2 1 1 0 0 0 0 0 0 
1 1 0 0 0 0 0 0 0 0 0 0 
2 2 1 1 0 0 0 0 0 0 0 0 
0 0 0 0 0 0 0 0 0 0 0 0 
0 0 0 0 0 0 0 0 0 0 0 0 
0 0 0 0 0 0 0 0 0 0 0 0 
0 0 0 0 0 0 0 0 0 0 0 0 
0 0 0 0 0 0 0 0 0 0 0 0 
0 0 0 0 0 0 0 0 0 0 0 0 



add
0 0 0 0 0 0 0 0 0 0 0 0 
0 0 0 0 0 0 0 0 0 0 0 0 
2 0 0 0 0 0 0 0 0 0 0 0 
2 2 2 0 0 0 0 0 0 0 0 0 
2 2 1 1 2 0 0 0 0 0 0 0 
1 1 2 0 0 0 0 0 0 0 0 0 
2 2 1 2 1 1 0 0 0 0 0 0 
1 1 0 0 0 0 0 0 0 0 0 0 
2 2 1 1 0 0 0 0 0 0 0 0 
0 0 0 0 0 0 0 0 0 0 0 0 
0 0 0 0 0 0 0 0 0 0 0 0 
0 0 0 0 0 0 0 0 0 0 0 0 
0 0 0 0 0 0 0 0 0 0 0 0 
0 0 0 0 0 0 0 0 0 0 0 0 
0 0 0 0 0 0 0 0 0 0 0 0 



add
0 0 0 0 0 0 0 0 0 0 0 0 
0 0 0 0 0 0 0 0 0 0 0 0 
2 0 0 0 0 0 0 0 0 0 0 0 
2 2 2 0 0 0 0 0 0 0 0 0 
2 2 1 1 2 0 0 0 0 0 0 0 
1 1 2 0 0 0 0 0 0 0 0 0 
2 2 1 2 1 1 0 0 0 0 0 0 
1 1 0 0 0 0 0 0 0 0 0 0 
2 2 1 1 0 0 0 0 0 0 0 0 
0 0 0 0 0 0 0 0 0 0 0 0 
1 0 0 0 0 0 0 0 0 0 0 0 
1 0 0 0 0 0 0 0 0 0 0 0 
1 0 0 0 0 0 0 0 0 0 0 0 
0 0 0 0 0 0 0 0 0 0 0 0 
0 0 0 0 0 0 0 0 0 0 0 0 



add
0 0 0 0 0 0 0 0 0 0 0 0 
0 0 0 0 0 0 0 0 0 0 0 0 
2 0 0 0 0 0 0 0 0 0 0 0 
2 2 2 0 0 0 0 0 0 0 0 0 
2 2 1 1 2 0 0 0 0 0 0 0 
1 1 2 0 0 0 0 0 0 0 0 0 
2 2 1 2 1 1 0 0 0 0 0 0 
1 1 2 0 0 0 0 0 0 0 0 0 
2 2 1 1 2 0 0 0 0 0 0 0 
2 0 0 0 0 0 0 0 0 0 0 0 
1 0 0 0 0 0 0 0 0 0 0 0 
1 0 0 0 0 0 0 0 0 0 0 0 
1 0 0 0 0 0 0 0 0 0 0 0 
0 0 0 0 0 0 0 0 0 0 0 0 
0 0 0 0 0 0 0 0 0 0 0 0 



add
0 0 0 0 0 0 0 0 0 0 0 0 
1 0 0 0 0 0 0 0 0 0 0 0 
2 1 0 0 0 0 0 0 0 0 0 0 
2 2 2 1 0 0 0 0 0 0 0 0 
2 2 1 1 2 0 0 0 0 0 0 0 
1 1 2 0 0 0 0 0 0 0 0 0 
2 2 1 2 1 1 0 0 0 0 0 0 
1 1 2 0 0 0 0 0 0 0 0 0 
2 2 1 1 2 0 0 0 0 0 0 0 
2 0 0 0 0 0 0 0 0 0 0 0 
1 0 0 0 0 0 0 0 0 0 0 0 
1 0 0 0 0 0 0 0 0 0 0 0 
1 0 0 0 0 0 0 0 0 0 0 0 
0 0 0 0 0 0 0 0 0 0 0 0 
0 0 0 0 0 0 0 0 0 0 0 0 



add
0 0 0 0 0 0 0 0 0 0 0 0 
1 0 0 0 0 0 0 0 0 0 0 0 
2 1 0 0 0 0 0 0 0 0 0 0 
2 2 2 1 0 0 0 0 0 0 0 0 
2 2 1 1 2 0 0 0 0 0 0 0 
1 1 2 2 0 0 0 0 0 0 0 0 
2 2 1 2 1 1 2 0 0 0 0 0 
1 1 2 2 0 0 0 0 0 0 0 0 
2 2 1 1 2 0 0 0 0 0 0 0 
2 0 0 0 0 0 0 0 0 0 0 0 
1 0 0 0 0 0 0 0 0 0 0 0 
1 0 0 0 0 0 0 0 0 0 0 0 
1 0 0 0 0 0 0 0 0 0 0 0 
0 0 0 0 0 0 0 0 0 0 0 0 
0 0 0 0 0 0 0 0 0 0 0 0 



add
0 0 0 0 0 0 0 0 0 0 0 0 
1 0 0 0 0 0 0 0 0 0 0 0 
2 1 0 0 0 0 0 0 0 0 0 0 
2 2 2 1 0 0 0 0 0 0 0 0 
2 2 1 1 2 1 0 0 0 0 0 0 
1 1 2 2 1 0 0 0 0 0 0 0 
2 2 1 2 1 1 2 1 0 0 0 0 
1 1 2 2 0 0 0 0 0 0 0 0 
2 2 1 1 2 0 0 0 0 0 0 0 
2 0 0 0 0 0 0 0 0 0 0 0 
1 0 0 0 0 0 0 0 0 0 0 0 
1 0 0 0 0 0 0 0 0 0 0 0 
1 0 0 0 0 0 0 0 0 0 0 0 
0 0 0 0 0 0 0 0 0 0 0 0 
0 0 0 0 0 0 0 0 0 0 0 0 



add
0 0 0 0 0 0 0 0 0 0 0 0 
1 0 0 0 0 0 0 0 0 0 0 0 
2 1 0 0 0 0 0 0 0 0 0 0 
2 2 2 1 2 0 0 0 0 0 0 0 
2 2 1 1 2 1 2 0 0 0 0 0 
1 1 2 2 1 2 0 0 0 0 0 0 
2 2 1 2 1 1 2 1 0 0 0 0 
1 1 2 2 0 0 0 0 0 0 0 0 
2 2 1 1 2 0 0 0 0 0 0 0 
2 0 0 0 0 0 0 0 0 0 0 0 
1 0 0 0 0 0 0 0 0 0 0 0 
1 0 0 0 0 0 0 0 0 0 0 0 
1 0 0 0 0 0 0 0 0 0 0 0 
0 0 0 0 0 0 0 0 0 0 0 0 
0 0 0 0 0 0 0 0 0 0 0 0 



add
0 0 0 0 0 0 0 0 0 0 0 0 
1 0 0 0 0 0 0 0 0 0 0 0 
2 1 0 0 0 0 0 0 0 0 0 0 
2 2 2 1 2 0 0 0 0 0 0 0 
2 2 1 1 2 1 2 0 0 0 0 0 
1 1 2 2 1 2 0 0 0 0 0 0 
2 2 1 2 1 1 2 1 0 0 0 0 
1 1 2 2 0 0 0 0 0 0 0 0 
2 2 1 1 2 0 0 0 0 0 0 0 
2 0 0 0 0 0 0 0 0 0 0 0 
1 0 0 0 0 0 0 0 0 0 0 0 
1 1 0 0 0 0 0 0 0 0 0 0 
1 1 0 0 0 0 0 0 0 0 0 0 
1 0 0 0 0 0 0 0 0 0 0 0 
0 0 0 0 0 0 0 0 0 0 0 0 



